
0.999999, 0.0001, 0.0001, 0.0001, 0.0001, 0.0001, 0.0001, 0.0001, 0.0001, 0.0001, 0.0001, 0.0001, 0.0001, 0.0001, 0.0001, 0.0001, 
0.0001, 0.0001, 0.0001, 0.0001, 0.0001, 0.0001, 0.0001, 0.0001, 0.0001, 0.0001, 0.0001, 0.0001, 0.0001, 0.0001, 0.0001, 0.0001, 
0.0001, 0.0001, 0.0001, 0.0001, 0.0001, 0.0001, 0.0001, 0.0001, 0.0001, 0.0001, 0.0001, 0.0001, 0.0001, 0.0001, 0.0001, 0.0001, 
0.0001, 0.0001, 0.0001, 0.0001, 0.0001, 0.0001, 0.0001, 0.0001, 0.0001, 0.0001, 0.0001, 0.0001, 0.0001, 0.0001, 0.0001, 0.0001, 
0.0001, 0.0001, 0.0001, 0.0001, 0.0001, 0.0001, 0.0001, 0.0001, 0.0001, 0.0001, 0.0001, 0.0001, 0.0001, 0.0001, 0.0001, 0.0001, 
0.0001, 0.0001, 0.0001, 0.0001, 0.0001, 0.0001, 0.0001, 0.0001, 0.0001, 0.0001, 0.0001, 0.0001, 0.0001, 0.0001, 0.0001, 0.0001, 
0.0001, 0.0001, 0.0001, 0.0001, 0.0001, 0.0001, 0.0001, 0.0001, 0.0001, 0.0001, 0.0001, 0.0001, 0.0001, 0.0001, 0.0001, 0.0001, 
0.0001, 0.0001, 0.0001, 0.0001, 0.0001, 0.0001, 0.0001, 0.0001, 0.0001, 0.0001, 0.0001, 0.0001, 0.0001, 0.0001, 0.0001, 0.0001, 
0.0001, 0.0001, 0.0001, 0.0001, 0.0001, 0.0001, 0.0001, 0.0001, 0.0001, 0.0001, 0.0001, 0.0001, 0.0001, 0.0001, 0.0001, 0.0001, 
0.0001, 0.0001, 0.0001, 0.0001, 0.0001, 0.0001, 0.0001, 0.0001, 0.0001, 0.0001, 0.0001, 0.0001, 0.0001, 0.0001, 0.0001, 0.0001, 
0.0001, 0.0001, 0.0001, 0.0001, 0.0001, 0.0001, 0.0001, 0.0001, 0.0001, 0.0001, 0.0001, 0.0001, 0.0001, 0.0001, 0.0001, 0.0001, 
0.0001, 0.0001, 0.0001, 0.0001, 0.0001, 0.0001, 0.0001, 0.0001, 0.0001, 0.0001, 0.0001, 0.0001, 0.0001, 0.0001, 0.0001, 0.0001, 
0.0001, 0.0001, 0.0001, 0.0001, 0.0001, 0.0001, 0.0001, 0.0001, 0.0001, 0.0001, 0.0001, 0.0001, 0.0001, 0.0001, 0.0001, 0.0001, 
0.0001, 0.0001, 0.0001, 0.0001, 0.0001, 0.0001, 0.0001, 0.0001, 0.0001, 0.0001, 0.0001, 0.0001, 0.0001, 0.0001, 0.0001, 0.0001, 
0.0001, 0.0001, 0.0001, 0.0001, 0.0001, 0.0001, 0.0001, 0.0001, 0.0001, 0.0001, 0.0001, 0.0001, 0.0001, 0.0001, 0.0001, 0.0001, 
0.0001, 0.0001, 0.0001, 0.0001, 0.0001, 0.0001, 0.0001, 0.0001, 0.0001, 0.0001, 0.0001, 0.0001, 0.0001, 0.0001, 0.0001, 0.0001, 
0.0001, 0.0001, 0.0001, 0.0001, 0.0001, 0.0001, 0.0001, 0.0001, 0.0001, 0.0001, 0.0001, 0.0001, 0.0001, 0.0001, 0.0001, 0.0001, 
0.0001, 0.0001, 0.0001, 0.0001, 0.0001, 0.0001, 0.0001, 0.0001, 0.0001, 0.0001, 0.0001, 0.0001, 0.0001, 0.0001, 0.0001, 0.0001, 
0.0001, 0.0001, 0.0001, 0.0001, 0.0001, 0.0001, 0.0001, 0.0001, 0.0001, 0.0001, 0.0001, 0.0001, 0.0001, 0.0001, 0.0001, 0.0001, 
0.0001, 0.0001, 0.0001, 0.0001, 0.0001, 0.0001, 0.0001, 0.0001, 0.0001, 0.0001, 0.0001, 0.0001, 0.0001, 0.0001, 0.0001, 0.0001, 
0.0001, 0.0001, 0.0001, 0.0001, 0.0001, 0.0001, 0.0001, 0.0001, 0.0001, 0.0001, 0.0001, 0.0001, 0.0001, 0.0001, 0.0001, 0.0001, 
0.0001, 0.0001, 0.0001, 0.0001, 0.0001, 0.0001, 0.0001, 0.0001, 0.0001, 0.0001, 0.0001, 0.0001, 0.0001, 0.0001, 0.0001, 0.0001, 
0.0001, 0.0001, 0.0001, 0.0001, 0.0001, 0.0001, 0.0001, 0.0001, 0.0001, 0.0001, 0.0001, 0.0001, 0.0001, 0.0001, 0.0001, 0.0001, 
0.0001, 0.0001, 0.0001, 0.0001, 0.0001, 0.0001, 0.0001, 0.0001, 0.0001, 0.0001, 0.0001, 0.0001, 0.0001, 0.0001, 0.0001, 0.0001, 
0.0001, 0.0001, 0.0001, 0.0001, 0.0001, 0.0001, 0.0001, 0.0001, 0.0001, 0.0001, 0.0001, 0.0001, 0.0001, 0.0001, 0.0001, 0.0001, 
0.0001, 0.0001, 0.0001, 0.0001, 0.0001, 0.0001, 0.0001, 0.0001, 0.0001, 0.0001, 0.0001, 0.0001, 0.0001, 0.0001, 0.0001, 0.0001, 
0.0001, 0.0001, 0.0001, 0.0001, 0.0001, 0.0001, 0.0001, 0.0001, 0.0001, 0.0001, 0.0001, 0.0001, 0.0001, 0.0001, 0.0001, 0.0001, 
0.0001, 0.0001, 0.0001, 0.0001, 0.0001, 0.0001, 0.0001, 0.0001, 0.0001, 0.0001, 0.0001, 0.0001, 0.0001, 0.0001, 0.0001, 0.0001, 
0.0001, 0.0001, 0.0001, 0.0001, 0.0001, 0.0001, 0.0001, 0.0001, 0.0001, 0.0001, 0.0001, 0.0001, 0.0001, 0.0001, 0.0001, 0.0001, 
0.0001, 0.0001, 0.0001, 0.0001, 0.0001, 0.0001, 0.0001, 0.0001, 0.0001, 0.0001, 0.0001, 0.0001, 0.0001, 0.0001, 0.0001, 0.0001, 
0.0001, 0.0001, 0.0001, 0.0001, 0.0001, 0.0001, 0.0001, 0.0001, 0.0001, 0.0001, 0.0001, 0.0001, 0.0001, 0.0001, 0.0001, 0.0001, 
0.0001, 0.0001, 0.0001, 0.0001, 0.0001, 0.0001, 0.0001, 0.0001, 0.0001, 0.0001, 0.0001, 0.0001, 0.0001, 0.0001, 0.0001, 0.0001, 
0.0001, 0.0001, 0.0001, 0.0001, 0.0001, 0.0001, 0.0001, 0.0001, 0.0001, 0.0001, 0.0001, 0.0001, 0.0001, 0.0001, 0.0001, 0.0001, 
0.0001, 0.0001, 0.0001, 0.0001, 0.0001, 0.0001, 0.0001, 0.0001, 0.0001, 0.0001, 0.0001, 0.0001, 0.0001, 0.0001, 0.0001, 0.0001, 
0.0001, 0.0001, 0.0001, 0.0001, 0.0001, 0.0001, 0.0001, 0.0001, 0.0001, 0.0001, 0.0001, 0.0001, 0.0001, 0.0001, 0.0001, 0.0001, 
0.0001, 0.0001, 0.0001, 0.0001, 0.0001, 0.0001, 0.0001, 0.0001, 0.0001, 0.0001, 0.0001, 0.0001, 0.0001, 0.0001, 0.0001, 0.0001, 
0.0001, 0.0001, 0.0001, 0.0001, 0.0001, 0.0001, 0.0001, 0.0001, 0.0001, 0.0001, 0.0001, 0.0001, 0.0001, 0.0001, 0.0001, 0.0001, 
0.0001, 0.0001, 0.0001, 0.0001, 0.0001, 0.0001, 0.0001, 0.0001, 0.0001, 0.0001, 0.0001, 0.0001, 0.0001, 0.0001, 0.0001, 0.0001, 
0.0001, 0.0001, 0.0001, 0.0001, 0.0001, 0.0001, 0.0001, 0.0001, 0.0001, 0.0001, 0.0001, 0.0001, 0.0001, 0.0001, 0.0001, 0.0001, 
0.0001, 0.0001, 0.0001, 0.0001, 0.0001, 0.0001, 0.0001, 0.0001, 0.0001, 0.0001, 0.0001, 0.0001, 0.0001, 0.0001, 0.0001, 0.0001, 
0.0001, 0.0001, 0.0001, 0.0001, 0.0001, 0.0001, 0.0001, 0.0001, 0.0001, 0.0001, 0.0001, 0.0001, 0.0001, 0.0001, 0.0001, 0.0001, 
0.0001, 0.0001, 0.0001, 0.0001, 0.0001, 0.0001, 0.0001, 0.0001, 0.0001, 0.0001, 0.0001, 0.0001, 0.0001, 0.0001, 0.0001, 0.0001, 
0.0001, 0.0001, 0.0001, 0.0001, 0.0001, 0.0001, 0.0001, 0.0001, 0.0001, 0.0001, 0.0001, 0.0001, 0.0001, 0.0001, 0.0001, 0.0001, 
0.0001, 0.0001, 0.0001, 0.0001, 0.0001, 0.0001, 0.0001, 0.0001, 0.0001, 0.0001, 0.0001, 0.0001, 0.0001, 0.0001, 0.0001, 0.0001, 
0.0001, 0.0001, 0.0001, 0.0001, 0.0001, 0.0001, 0.0001, 0.0001, 0.0001, 0.0001, 0.0001, 0.0001, 0.0001, 0.0001, 0.0001, 0.0001, 
0.0001, 0.0001, 0.0001, 0.0001, 0.0001, 0.0001, 0.0001, 0.0001, 0.0001, 0.0001, 0.0001, 0.0001, 0.0001, 0.0001, 0.0001, 0.0001, 
0.0001, 0.0001, 0.0001, 0.0001, 0.0001, 0.0001, 0.0001, 0.0001, 0.0001, 0.0001, 0.0001, 0.0001, 0.0001, 0.0001, 0.0001, 0.0001, 
0.0001, 0.0001, 0.0001, 0.0001, 0.0001, 0.0001, 0.0001, 0.0001, 0.0001, 0.0001, 0.0001, 0.0001, 0.0001, 0.0001, 0.0001, 0.0001, 
0.0001, 0.0001, 0.0001, 0.0001, 0.0001, 0.0001, 0.0001, 0.0001, 0.0001, 0.0001, 0.0001, 0.0001, 0.0001, 0.0001, 0.0001, 0.0001, 
0.0001, 0.0001, 0.0001, 0.0001, 0.0001, 0.0001, 0.0001, 0.0001, 0.0001, 0.0001, 0.0001, 0.0001, 0.0001, 0.0001, 0.0001, 0.0001, 
0.0001, 0.0001, 0.0001, 0.0001, 0.0001, 0.0001, 0.0001, 0.0001, 0.0001, 0.0001, 0.0001, 0.0001, 0.0001, 0.0001, 0.0001, 0.0001, 
0.0001, 0.0001, 0.0001, 0.0001, 0.0001, 0.0001, 0.0001, 0.0001, 0.0001, 0.0001, 0.0001, 0.0001, 0.0001, 0.0001, 0.0001, 0.0001, 
0.0001, 0.0001, 0.0001, 0.0001, 0.0001, 0.0001, 0.0001, 0.0001, 0.0001, 0.0001, 0.0001, 0.0001, 0.0001, 0.0001, 0.0001, 0.0001, 
0.0001, 0.0001, 0.0001, 0.0001, 0.0001, 0.0001, 0.0001, 0.0001, 0.0001, 0.0001, 0.0001, 0.0001, 0.0001, 0.0001, 0.0001, 0.0001, 
0.0001, 0.0001, 0.0001, 0.0001, 0.0001, 0.0001, 0.0001, 0.0001, 0.0001, 0.0001, 0.0001, 0.0001, 0.0001, 0.0001, 0.0001, 0.0001, 
0.0001, 0.0001, 0.0001, 0.0001, 0.0001, 0.0001, 0.0001, 0.0001, 0.0001, 0.0001, 0.0001, 0.0001, 0.0001, 0.0001, 0.0001, 0.0001, 
0.0001, 0.0001, 0.0001, 0.0001, 0.0001, 0.0001, 0.0001, 0.0001, 0.0001, 0.0001, 0.0001, 0.0001, 0.0001, 0.0001, 0.0001, 0.0001, 
0.0001, 0.0001, 0.0001, 0.0001, 0.0001, 0.0001, 0.0001, 0.0001, 0.0001, 0.0001, 0.0001, 0.0001, 0.0001, 0.0001, 0.0001, 0.0001, 
0.0001, 0.0001, 0.0001, 0.0001, 0.0001, 0.0001, 0.0001, 0.0001, 0.0001, 0.0001, 0.0001, 0.0001, 0.0001, 0.0001, 0.0001, 0.0001, 
0.0001, 0.0001, 0.0001, 0.0001, 0.0001, 0.0001, 0.0001, 0.0001, 0.0001, 0.0001, 0.0001, 0.0001, 0.0001, 0.0001, 0.0001, 0.0001, 
0.0001, 0.0001, 0.0001, 0.0001, 0.0001, 0.0001, 0.0001, 0.0001, 0.0001, 0.0001, 0.0001, 0.0001, 0.0001, 0.0001, 0.0001, 0.0001, 
0.0001, 0.0001, 0.0001, 0.0001, 0.0001, 0.0001, 0.0001, 0.0001, 0.0001, 0.0001, 0.0001, 0.0001, 0.0001, 0.0001, 0.0001, 0.0001, 
0.0001, 0.0001, 0.0001, 0.0001, 0.0001, 0.0001, 0.0001, 0.0001, 0.0001, 0.0001, 0.0001, 0.0001, 0.0001, 0.0001, 0.0001, 0.0001, 
0.0001, 0.0001, 0.0001, 0.0001, 0.0001, 0.0001, 0.0001, 0.0001, 0.0001, 0.0001, 0.0001, 0.0001, 0.0001, 0.0001, 0.0001, 0.0001, 
0.999999, 0.999999, 0.999999, 0.999999, 0.999999, 0.999999, 0.999999, 0.999999, 0.999999, 0.999999, 0.999999, 0.999999, 0.999999, 0.999999, 0.999999, 0.999999, 
0.999999, 0.999999, 0.999999, 0.999999, 0.999999, 0.999999, 0.999999, 0.999999, 0.999999, 0.999999, 0.999999, 0.999999, 0.999999, 0.999999, 0.999999, 0.999999, 
0.999999, 0.999999, 0.999999, 0.999999, 0.999999, 0.999999, 0.999999, 0.999999, 0.999999, 0.999999, 0.999999, 0.999999, 0.999999, 0.999999, 0.999999, 0.999999, 
0.999999, 0.999999, 0.999999, 0.999999, 0.999999, 0.999999, 0.999999, 0.999999, 0.999999, 0.999999, 0.999999, 0.999999, 0.999999, 0.999999, 0.999999, 0.999999, 
0.999999, 0.999999, 0.999999, 0.999999, 0.999999, 0.999999, 0.999999, 0.999999, 0.999999, 0.999999, 0.999999, 0.999999, 0.999999, 0.999999, 0.999999, 0.999999, 
0.999999, 0.999999, 0.999999, 0.999999, 0.999999, 0.999999, 0.999999, 0.999999, 0.999999, 0.999999, 0.999999, 0.999999, 0.999999, 0.999999, 0.999999, 0.999999, 
0.999999, 0.999999, 0.999999, 0.999999, 0.999999, 0.999999, 0.999999, 0.999999, 0.999999, 0.999999, 0.999999, 0.999999, 0.999999, 0.999999, 0.999999, 0.999999, 
0.999999, 0.999999, 0.999999, 0.999999, 0.999999, 0.999999, 0.999999, 0.999999, 0.999999, 0.999999, 0.999999, 0.999999, 0.999999, 0.999999, 0.999999, 0.999999, 
0.999999, 0.999999, 0.999999, 0.999999, 0.999999, 0.999999, 0.999999, 0.999999, 0.999999, 0.999999, 0.999999, 0.999999, 0.999999, 0.999999, 0.999999, 0.999999, 
0.999999, 0.999999, 0.999999, 0.999999, 0.999999, 0.999999, 0.999999, 0.999999, 0.999999, 0.999999, 0.999999, 0.999999, 0.999999, 0.999999, 0.999999, 0.999999, 
0.999999, 0.999999, 0.999999, 0.999999, 0.999999, 0.999999, 0.999999, 0.999999, 0.999999, 0.999999, 0.999999, 0.999999, 0.999999, 0.999999, 0.999999, 0.999999, 
0.999999, 0.999999, 0.999999, 0.999999, 0.999999, 0.999999, 0.999999, 0.999999, 0.999999, 0.999999, 0.999999, 0.999999, 0.999999, 0.999999, 0.999999, 0.999999, 
0.999999, 0.999999, 0.999999, 0.999999, 0.999999, 0.999999, 0.999999, 0.999999, 0.999999, 0.999999, 0.999999, 0.999999, 0.999999, 0.999999, 0.999999, 0.999999, 
0.999999, 0.999999, 0.999999, 0.999999, 0.999999, 0.999999, 0.999999, 0.999999, 0.999999, 0.999999, 0.999999, 0.999999, 0.999999, 0.999999, 0.999999, 0.999999, 
0.999999, 0.999999, 0.999999, 0.999999, 0.999999, 0.999999, 0.999999, 0.999999, 0.999999, 0.999999, 0.999999, 0.999999, 0.999999, 0.999999, 0.999999, 0.999999, 
0.999999, 0.999999, 0.999999, 0.999999, 0.999999, 0.999999, 0.999999, 0.999999, 0.999999, 0.999999, 0.999999, 0.999999, 0.999999, 0.999999, 0.999999, 0.999999, 
0.999999, 0.999999, 0.999999, 0.999999, 0.999999, 0.999999, 0.999999, 0.999999, 0.999999, 0.999999, 0.999999, 0.999999, 0.999999, 0.999999, 0.999999, 0.999999, 
0.999999, 0.999999, 0.999999, 0.999999, 0.999999, 0.999999, 0.999999, 0.999999, 0.999999, 0.999999, 0.999999, 0.999999, 0.999999, 0.999999, 0.999999, 0.999999, 
0.999999, 0.999999, 0.999999, 0.999999, 0.999999, 0.999999, 0.999999, 0.999999, 0.999999, 0.999999, 0.999999, 0.999999, 0.999999, 0.999999, 0.999999, 0.999999, 
0.999999, 0.999999, 0.999999, 0.999999, 0.999999, 0.999999, 0.999999, 0.999999, 0.999999, 0.999999, 0.999999, 0.999999, 0.999999, 0.999999, 0.999999, 0.999999, 
0.999999, 0.999999, 0.999999, 0.999999, 0.999999, 0.999999, 0.999999, 0.999999, 0.999999, 0.999999, 0.999999, 0.999999, 0.999999, 0.999999, 0.999999, 0.999999, 
0.999999, 0.999999, 0.999999, 0.999999, 0.999999, 0.999999, 0.999999, 0.999999, 0.999999, 0.999999, 0.999999, 0.999999, 0.999999, 0.999999, 0.999999, 0.999999, 
0.999999, 0.999999, 0.999999, 0.999999, 0.999999, 0.999999, 0.999999, 0.999999, 0.999999, 0.999999, 0.999999, 0.999999, 0.999999, 0.999999, 0.999999, 0.999999, 
0.999999, 0.999999, 0.999999, 0.999999, 0.999999, 0.999999, 0.999999, 0.999999, 0.999999, 0.999999, 0.999999, 0.999999, 0.999999, 0.999999, 0.999999, 0.999999, 
0.999999, 0.999999, 0.999999, 0.999999, 0.999999, 0.999999, 0.999999, 0.999999, 0.999999, 0.999999, 0.999999, 0.999999, 0.999999, 0.999999, 0.999999, 0.999999, 
0.999999, 0.999999, 0.999999, 0.999999, 0.999999, 0.999999, 0.999999, 0.999999, 0.999999, 0.999999, 0.999999, 0.999999, 0.999999, 0.999999, 0.999999, 0.999999, 
0.999999, 0.999999, 0.999999, 0.999999, 0.999999, 0.999999, 0.999999, 0.999999, 0.999999, 0.999999, 0.999999, 0.999999, 0.999999, 0.999999, 0.999999, 0.999999, 
0.999999, 0.999999, 0.999999, 0.999999, 0.999999, 0.999999, 0.999999, 0.999999, 0.999999, 0.999999, 0.999999, 0.999999, 0.999999, 0.999999, 0.999999, 0.999999, 
0.999999, 0.999999, 0.999999, 0.999999, 0.999999, 0.999999, 0.999999, 0.999999, 0.999999, 0.999999, 0.999999, 0.999999, 0.999999, 0.999999, 0.999999, 0.999999, 
0.999999, 0.999999, 0.999999, 0.999999, 0.999999, 0.999999, 0.999999, 0.999999, 0.999999, 0.999999, 0.999999, 0.999999, 0.999999, 0.999999, 0.999999, 0.999999, 
0.999999, 0.999999, 0.999999, 0.999999, 0.999999, 0.999999, 0.999999, 0.999999, 0.999999, 0.999999, 0.999999, 0.999999, 0.999999, 0.999999, 0.999999, 0.999999, 
0.999999, 0.999999, 0.999999, 0.999999, 0.999999, 0.999999, 0.999999, 0.999999, 0.999999, 0.999999, 0.999999, 0.999999, 0.999999, 0.999999, 0.999999, 0.999999, 
0.999999, 0.999999, 0.999999, 0.999999, 0.999999, 0.999999, 0.999999, 0.999999, 0.999999, 0.999999, 0.999999, 0.999999, 0.999999, 0.999999, 0.999999, 0.999999, 
0.999999, 0.999999, 0.999999, 0.999999, 0.999999, 0.999999, 0.999999, 0.999999, 0.999999, 0.999999, 0.999999, 0.999999, 0.999999, 0.999999, 0.999999, 0.999999, 
0.999999, 0.999999, 0.999999, 0.999999, 0.999999, 0.999999, 0.999999, 0.999999, 0.999999, 0.999999, 0.999999, 0.999999, 0.999999, 0.999999, 0.999999, 0.999999, 
0.999999, 0.999999, 0.999999, 0.999999, 0.999999, 0.999999, 0.999999, 0.999999, 0.999999, 0.999999, 0.999999, 0.999999, 0.999999, 0.999999, 0.999999, 0.999999, 
0.999999, 0.999999, 0.999999, 0.999999, 0.999999, 0.999999, 0.999999, 0.999999, 0.999999, 0.999999, 0.999999, 0.999999, 0.999999, 0.999999, 0.999999, 0.999999, 
0.999999, 0.999999, 0.999999, 0.999999, 0.999999, 0.999999, 0.999999, 0.999999, 0.999999, 0.999999, 0.999999, 0.999999, 0.999999, 0.999999, 0.999999, 0.999999, 
0.999999, 0.999999, 0.999999, 0.999999, 0.999999, 0.999999, 0.999999, 0.999999, 0.999999, 0.999999, 0.999999, 0.999999, 0.999999, 0.999999, 0.999999, 0.999999, 
0.999999, 0.999999, 0.999999, 0.999999, 0.999999, 0.999999, 0.999999, 0.999999, 0.999999, 0.999999, 0.999999, 0.999999, 0.999999, 0.999999, 0.999999, 0.999999, 
0.999999, 0.999999, 0.999999, 0.999999, 0.999999, 0.999999, 0.999999, 0.999999, 0.999999, 0.999999, 0.999999, 0.999999, 0.999999, 0.999999, 0.999999, 0.999999, 
0.999999, 0.999999, 0.999999, 0.999999, 0.999999, 0.999999, 0.999999, 0.999999, 0.999999, 0.999999, 0.999999, 0.999999, 0.999999, 0.999999, 0.999999, 0.999999, 
0.999999, 0.999999, 0.999999, 0.999999, 0.999999, 0.999999, 0.999999, 0.999999, 0.999999, 0.999999, 0.999999, 0.999999, 0.999999, 0.999999, 0.999999, 0.999999, 
0.999999, 0.999999, 0.999999, 0.999999, 0.999999, 0.999999, 0.999999, 0.999999, 0.999999, 0.999999, 0.999999, 0.999999, 0.999999, 0.999999, 0.999999, 0.999999, 
0.999999, 0.999999, 0.999999, 0.999999, 0.999999, 0.999999, 0.999999, 0.999999, 0.999999, 0.999999, 0.999999, 0.999999, 0.999999, 0.999999, 0.999999, 0.999999, 
0.999999, 0.999999, 0.999999, 0.999999, 0.999999, 0.999999, 0.999999, 0.999999, 0.999999, 0.999999, 0.999999, 0.999999, 0.999999, 0.999999, 0.999999, 0.999999, 
0.999999, 0.999999, 0.999999, 0.999999, 0.999999, 0.999999, 0.999999, 0.999999, 0.999999, 0.999999, 0.999999, 0.999999, 0.999999, 0.999999, 0.999999, 0.999999, 
0.999999, 0.999999, 0.999999, 0.999999, 0.999999, 0.999999, 0.999999, 0.999999, 0.999999, 0.999999, 0.999999, 0.999999, 0.999999, 0.999999, 0.999999, 0.999999, 
0.999999, 0.999999, 0.999999, 0.999999, 0.999999, 0.999999, 0.999999, 0.999999, 0.999999, 0.999999, 0.999999, 0.999999, 0.999999, 0.999999, 0.999999, 0.999999, 
0.999999, 0.999999, 0.999999, 0.999999, 0.999999, 0.999999, 0.999999, 0.999999, 0.999999, 0.999999, 0.999999, 0.999999, 0.999999, 0.999999, 0.999999, 0.999999, 
0.999999, 0.999999, 0.999999, 0.999999, 0.999999, 0.999999, 0.999999, 0.999999, 0.999999, 0.999999, 0.999999, 0.999999, 0.999999, 0.999999, 0.999999, 0.999999, 
0.999999, 0.999999, 0.999999, 0.999999, 0.999999, 0.999999, 0.999999, 0.999999, 0.999999, 0.999999, 0.999999, 0.999999, 0.999999, 0.999999, 0.999999, 0.999999, 
0.999999, 0.999999, 0.999999, 0.999999, 0.999999, 0.999999, 0.999999, 0.999999, 0.999999, 0.999999, 0.999999, 0.999999, 0.999999, 0.999999, 0.999999, 0.999999, 
0.999999, 0.999999, 0.999999, 0.999999, 0.999999, 0.999999, 0.999999, 0.999999, 0.999999, 0.999999, 0.999999, 0.999999, 0.999999, 0.999999, 0.999999, 0.999999, 
0.999999, 0.999999, 0.999999, 0.999999, 0.999999, 0.999999, 0.999999, 0.999999, 0.999999, 0.999999, 0.999999, 0.999999, 0.999999, 0.999999, 0.999999, 0.999999, 
0.999999, 0.999999, 0.999999, 0.999999, 0.999999, 0.999999, 0.999999, 0.999999, 0.999999, 0.999999, 0.999999, 0.999999, 0.999999, 0.999999, 0.999999, 0.999999, 
0.999999, 0.999999, 0.999999, 0.999999, 0.999999, 0.999999, 0.999999, 0.999999, 0.999999, 0.999999, 0.999999, 0.999999, 0.999999, 0.999999, 0.999999, 0.999999, 
0.999999, 0.999999, 0.999999, 0.999999, 0.999999, 0.999999, 0.999999, 0.999999, 0.999999, 0.999999, 0.999999, 0.999999, 0.999999, 0.999999, 0.999999, 0.999999, 
0.999999, 0.999999, 0.999999, 0.999999, 0.999999, 0.999999, 0.999999, 0.999999, 0.999999, 0.999999, 0.999999, 0.999999, 0.999999, 0.999999, 0.999999, 0.999999, 
0.999999, 0.999999, 0.999999, 0.999999, 0.999999, 0.999999, 0.999999, 0.999999, 0.999999, 0.999999, 0.999999, 0.999999, 0.999999, 0.999999, 0.999999, 0.999999, 
0.999999, 0.999999, 0.999999, 0.999999, 0.999999, 0.999999, 0.999999, 0.999999, 0.999999, 0.999999, 0.999999, 0.999999, 0.999999, 0.999999, 0.999999, 0.999999, 
0.999999, 0.999999, 0.999999, 0.999999, 0.999999, 0.999999, 0.999999, 0.999999, 0.999999, 0.999999, 0.999999, 0.999999, 0.999999, 0.999999, 0.999999, 0.999999, 
0.999999, 0.999999, 0.999999, 0.999999, 0.999999, 0.999999, 0.999999, 0.999999, 0.999999, 0.999999, 0.999999, 0.999999, 0.999999, 0.999999, 0.999999, 0.999999, 
0.999999, 0.999999, 0.999999, 0.999999, 0.999999, 0.999999, 0.999999, 0.999999, 0.999999, 0.999999, 0.999999, 0.999999, 0.999999, 0.999999, 0.999999, 0.999999, 
